eskuinera
251278, 0.01, -0.26, 1.01, 8.97, -2.26, 0.61, 11.98, 1.76, -8.87, 101.91
251403, 0.00, -0.27, 0.95, 0.85, -1.10, 0.00, 12.26, 1.68, -8.26, 101.91
251529, -0.01, -0.27, 0.96, -0.06, -1.59, 0.12, 12.37, 1.62, -9.16, 101.90
251656, -0.00, -0.27, 0.96, 0.98, -1.71, 0.31, 12.38, 2.01, -8.13, 101.90
251782, -0.05, -0.05, 0.54, -24.54, 3.30, -2.50, 12.00, 1.76, -7.60, 101.90
251908, 0.05, 0.08, 1.97, -66.10, 11.96, 0.55, 11.80, 2.06, -8.59, 101.89
252034, 0.11, 0.13, 2.51, -50.29, 0.49, -2.08, 12.26, 1.23, -8.02, 101.90
252160, -0.02, 0.02, 2.03, -19.10, -4.15, 1.89, 13.06, 1.62, -7.24, 101.89
252287, -0.00, -0.18, 1.01, 12.76, -3.42, 6.04, 12.84, 1.92, -7.48, 101.90
252414, -0.06, 0.21, 2.53, -54.44, -8.12, 9.28, 12.51, 1.51, -7.37, 101.89
252540, 0.00, -0.21, 1.15, 3.78, -3.91, 6.77, 12.34, 1.94, -8.51, 101.90
252666, -0.02, -0.39, 1.00, 12.82, -0.31, 1.40, 12.79, 2.17, -7.02, 101.90
252792, -0.01, -0.11, 1.49, -8.00, -3.17, 2.08, 12.23, 1.82, -7.08, 101.90
252919, -0.00, -0.35, 0.95, 2.69, -1.16, -2.44, 12.82, 1.93, -7.19, 101.90
253045, 0.05, -0.20, 0.93, -4.03, -5.74, -1.95, 12.67, 2.10, -6.18, 101.90
253171, -0.03, -0.01, 1.62, -37.72, -2.32, -4.82, 13.13, 1.39, -7.04, 101.90
253297, -0.05, -0.19, 0.83, 12.39, -4.82, -1.34, 13.32, 1.21, -6.91, 101.90
253423, 0.05, -0.44, 0.13, -6.35, 7.57, 1.16, 13.27, 2.47, -6.71, 101.90
253550, 0.03, 0.03, 1.31, -25.27, 2.44, 2.44, 12.48, 1.31, -6.49, 101.90
253676, 0.08, -0.34, 0.02, -4.39, 2.44, 2.69, 13.13, 1.17, -5.82, 101.90
253802, 0.06, -0.70, -0.74, -29.36, -0.55, 6.16, 13.10, 0.51, -6.15, 101.89
253928, -0.02, -0.24, 1.15, -0.18, 0.31, 4.03, 12.89, 2.01, -4.37, 101.91
254054, -0.08, 0.00, 1.60, 29.72, -2.14, 1.71, 12.85, 2.14, -5.40, 101.88
254180, -0.05, -0.09, 1.78, 47.97, 1.40, -0.18, 13.76, 2.15, -4.65, 101.90
254305, 0.10, -0.86, -0.67, 68.05, -2.93, 1.28, 13.44, 2.21, -5.16, 101.91
254431, -0.12, -0.02, 1.97, -59.57, 2.81, -6.29, 13.57, 1.82, -4.88, 101.90
254557, -0.01, -0.05, 1.20, 16.30, -3.48, -1.34, 13.77, 2.33, -3.41, 101.90
254683, -0.01, -0.31, 0.79, -18.25, 5.55, -3.05, 14.00, 2.10, -4.55, 101.90
254809, -0.30, -0.01, 1.71, -46.02, 7.14, -5.62, 14.37, 2.19, -3.58, 101.90
254936, 0.00, -0.38, 0.70, 34.24, -1.16, 2.56, 14.20, 1.61, -3.41, 101.90
255062, 0.02, -0.43, 0.69, -19.23, 5.49, 0.61, 14.48, 2.31, -3.72, 101.89
255188, 0.05, -0.21, 0.60, 56.76, -11.11, 4.27, 13.92, 1.59, -3.48, 101.90
255315, -0.03, -0.26, 1.12, -31.80, 3.97, -1.04, 14.67, 2.94, -3.02, 101.90
255442, -0.08, -0.43, -0.06, 60.55, -7.32, 9.58, 14.33, 2.32, -2.37, 101.90
255568, -0.11, 0.20, 2.41, -85.75, 4.82, -0.06, 14.15, 3.00, -2.86, 101.90
255694, -0.05, -0.93, -0.77, 86.67, -3.17, 2.56, 14.98, 3.10, -1.17, 101.89
255821, -0.26, -0.04, 1.94, -56.95, 4.52, -4.39, 14.37, 3.92, -1.84, 101.90
255948, 0.01, -0.73, -0.42, 57.80, 2.20, 0.49, 15.00, 4.16, -1.14, 101.88
256074, -0.02, 0.02, 2.40, -23.74, -5.86, -2.56, 14.86, 5.27, -1.73, 101.90
256200, -0.02, 0.03, 0.10, 22.16, -1.53, 0.98, 15.30, 4.59, -1.54, 101.90
256325, -0.04, -0.32, 0.65, -17.70, 2.01, -3.11, 14.92, 5.79, -0.76, 101.90
256452, 0.03, -0.69, -0.43, -24.54, -2.99, -5.92, 15.49, 7.10, -1.12, 101.90
256578, -0.08, 0.06, 1.69, 23.80, -0.92, -0.43, 15.45, 6.88, -0.28, 101.90
256704, 0.01, -0.30, 0.76, 4.70, -1.28, 0.67, 16.04, 7.20, -0.94, 101.90
256830, -0.01, -0.14, 1.15, -8.24, -1.40, 4.09, 16.16, 7.17, -0.43, 101.90
256956, 0.05, -0.19, 1.12, 12.45, -5.07, 7.32, 15.48, 7.92, -1.37, 101.90
257082, 0.05, -0.50, 0.34, 40.10, -2.26, 6.53, 15.44, 8.48, -1.48, 101.90
257208, -0.07, -0.35, 0.53, 14.89, -2.75, 1.83, 15.80, 8.26, 0.13, 101.90
257334, -0.08, -0.02, 1.67, -40.83, 2.75, -1.22, 15.64, 8.84, -1.62, 101.89
257460, -0.04, -0.16, 1.24, -14.77, 1.59, -3.23, 15.61, 9.39, -1.28, 101.90
257587, -0.03, -0.19, 1.33, 3.17, -4.27, -0.06, 15.87, 9.86, -1.89, 101.89
257713, 0.01, -0.30, 1.12, 5.55, -3.36, 0.85, 15.97, 10.33, -2.48, 101.90
257839, -0.02, -0.17, 1.60, 0.37, -1.89, -2.26, 16.67, 9.90, -2.28, 101.89
257965, -0.05, -0.46, 0.53, 22.46, -1.71, -3.23, 16.70, 10.68, -1.54, 101.90
258091, 0.06, -0.39, 0.60, -0.55, -5.25, -0.61, 16.63, 10.79, -2.53, 101.90
258216, -0.13, 0.02, 2.10, 31.80, -0.31, 0.31, 16.65, 11.55, -3.61, 101.89
258342, 0.02, -0.45, 0.00, -27.71, -2.69, -1.34, 17.09, 11.19, -3.54, 101.90
258468, 0.10, -0.24, 0.75, -5.74, -1.28, 0.61, 17.15, 11.19, -3.69, 101.90
258595, -0.11, -0.28, 0.98, -11.84, -2.26, 2.01, 17.40, 11.85, -3.69, 101.90
258721, -0.08, -0.08, 1.13, -39.31, 3.42, -1.53, 17.75, 11.68, -4.14, 101.90
258847, 0.04, -0.01, 1.59, 5.31, -8.91, 4.33, 17.77, 12.13, -5.19, 101.90
258974, -0.00, 0.21, 1.37, -81.67, 10.50, -5.00, 17.48, 12.24, -5.55, 101.89
259100, 0.03, 0.08, 1.75, 6.90, -7.20, 3.54, 17.68, 12.23, -6.46, 101.90
259227, 0.00, -0.67, 0.05, 19.59, -0.98, 1.16, 17.38, 11.45, -7.30, 101.89
259353, -0.08, -0.10, 1.03, -12.94, -0.24, -0.43, 17.81, 11.76, -7.02, 101.90
259481, -0.03, 0.23, 2.66, -33.94, -4.64, -0.67, 18.14, 12.18, -7.97, 101.89
259608, -0.14, -0.08, 2.02, 38.57, -4.15, -0.31, 17.80, 11.49, -6.99, 101.90
259734, -0.16, 0.71, 3.73, -92.53, -4.82, -1.89, 17.94, 11.05, -7.63, 101.90
259860, 0.22, -0.40, 1.00, -14.53, 2.81, 0.85, 18.35, 11.44, -8.96, 101.90
259986, -0.01, -0.06, 1.67, -22.58, -1.89, -4.58, 18.62, 11.24, -9.24, 101.90
260113, -0.04, -0.51, 0.68, 42.79, -6.47, 1.34, 18.66, 10.85, -9.44, 101.90
260239, -0.10, 0.01, 2.35, -20.51, -6.41, 1.53, 18.82, 10.64, -9.79, 101.90
260365, 0.02, -0.65, -0.08, 32.59, -2.75, 6.10, 18.33, 10.80, -10.47, 101.90
260491, 0.05, -0.45, 0.43, 18.31, -0.61, 8.42, 18.91, 10.40, -11.44, 101.90
260618, 0.00, -0.29, 0.58, -1.22, -0.24, 0.24, 18.58, 9.34, -11.12, 101.90
260744, 0.00, -0.51, 0.69, 23.68, -1.89, 2.08, 18.96, 8.67, -11.49, 101.90
260871, -0.00, -0.30, 0.60, 3.42, -0.49, 1.28, 18.81, 8.80, -12.07, 101.90
260998, -0.04, -0.35, 0.93, 10.74, -1.71, 0.49, 18.30, 7.70, -11.69, 101.90
261124, 0.04, -0.13, 1.06, -30.21, 1.10, -2.93, 19.10, 7.60, -11.84, 101.89
261250, -0.07, -0.32, 0.76, 26.00, -4.09, -2.14, 19.26, 6.79, -11.78, 101.90
261376, 0.03, -0.27, 1.15, -4.03, -0.61, -2.87, 19.26, 6.41, -12.34, 101.89
261503, -0.09, -0.12, 1.56, 11.05, -4.64, -4.03, 19.60, 6.86, -12.28, 101.90
261630, 0.12, -0.61, 0.79, -19.96, 2.38, -0.55, 19.15, 5.80, -11.61, 101.89
261756, 0.02, -1.18, -0.81, 115.84, -8.97, 0.24, 19.64, 6.04, -12.92, 101.90
261883, -0.26, 0.10, 2.67, -42.66, -8.79, 1.77, 19.76, 5.66, -12.50, 101.90
262009, -0.00, -0.04, 1.20, -12.15, -1.59, 4.33, 19.70, 5.19, -12.85, 101.90
262136, -0.09, -0.33, 0.59, 33.87, -7.39, 8.48, 19.26, 5.43, -11.87, 101.90
262262, 0.00, -0.62, 2.42, -78.98, -1.16, 1.59, 19.76, 4.39, -11.33, 101.90
262388, -0.63, -0.95, -0.53, -78.19, -3.91, 0.06, 19.24, 4.02, -11.50, 101.90
262515, -0.10, -0.10, 1.76, 1.95, -2.93, 0.85, 19.20, 5.16, -10.07, 101.90
262641, 0.02, 0.12, 2.08, 22.40, 1.22, 0.43, 18.91, 5.60, -11.16, 101.90
262767, -0.03, -0.44, 0.01, -11.96, -3.05, -0.24, 18.64, 4.76, -10.89, 101.90
262894, 0.14, -0.46, 1.04, 10.93, 0.18, -5.92, 18.82, 4.61, -11.50, 101.90
263021, 0.07, -0.21, 1.39, 31.74, -0.55, -2.75, 19.07, 4.85, -10.79, 101.90
263148, 0.00, -1.13, -2.03, 21.12, -12.88, 3.05, 19.64, 4.06, -9.48, 101.89
263275, -0.04, -0.95, -0.89, -67.26, -3.30, -1.28, 19.74, 4.41, -10.45, 101.90
263403, 0.10, 1.29, 4.00, -168.70, -7.02, -4.21, 19.87, 6.59, -11.01, 101.90
263529, -0.07, -0.38, 0.36, -7.69, 3.23, -2.08, 20.50, 4.88, -11.11, 101.89
263655, -0.06, -0.21, 1.05, 5.55, -0.06, 2.08, 19.40, 4.63, -10.93, 101.90
263781, 0.05, -0.67, -0.08, -41.50, -3.11, 0.18, 20.07, 4.72, -10.50, 101.88
263907, -0.02, -0.24, 0.25, -120.18, 8.97, -1.83, 18.84, 4.02, -10.66, 101.90
denbora=
12656
