33165, -0.05, 0.03, 0.99, 0.55, 1.34, 0.00, 64.23, 30.31, -0.95, 101.90
33290, -0.02, 0.03, 0.99, 0.73, -1.53, 0.24, 63.45, 29.93, -1.42, 101.90
33416, -0.03, 0.01, 0.99, 0.37, -2.38, 0.31, 63.99, 29.26, -2.20, 101.91
33542, -0.05, 0.03, 1.00, 1.10, 0.24, -0.06, 64.38, 29.83, -2.03, 101.90
33669, -0.11, -0.05, 0.93, 1.10, -9.34, 0.43, 64.59, 29.88, -2.61, 101.90
33796, -0.34, 0.21, 0.98, -2.75, 2.08, 3.36, 63.46, 30.64, -1.71, 101.91
33922, 0.24, -0.32, 1.23, 2.75, 3.30, -0.43, 63.87, 29.55, -0.22, 101.91
34049, -0.08, 0.09, 0.93, 4.52, 5.07, 1.77, 63.35, 29.32, 1.07, 101.90
34175, -0.05, -0.05, 1.01, 0.06, 1.65, -0.98, 63.50, 28.93, -0.74, 101.91
34302, 0.00, 0.06, 1.00, 0.73, -2.14, -0.73, 63.44, 29.16, -1.70, 101.90
34428, -0.03, -0.03, 0.99, 1.34, 4.15, -3.66, 63.17, 30.05, -1.79, 101.90
34555, -0.01, 0.06, 1.03, 0.67, -2.20, -3.42, 62.45, 29.65, 1.64, 101.90
34682, -0.11, 0.05, 1.02, -1.10, -1.22, 1.65, 62.85, 29.24, 1.21, 101.90
34807, 0.16, -0.03, 0.87, 1.10, -2.20, 5.80, 63.42, 29.00, -0.40, 101.89
34933, -0.07, 0.07, 1.07, 2.01, -1.53, 2.26, 63.95, 28.27, -1.49, 101.90
35059, -0.08, 0.02, 0.92, -0.73, 1.46, 2.38, 63.77, 28.61, -1.95, 101.89
35184, -0.06, -0.05, 0.94, 0.55, 3.72, -3.30, 64.36, 28.33, -1.23, 101.91
35311, 0.11, -0.01, 0.99, -0.31, 1.46, -3.48, 63.79, 28.41, -1.38, 101.90
35438, -0.00, -0.10, 1.00, 0.85, -4.76, -3.17, 63.23, 28.38, -2.10, 101.91
35565, -0.11, 0.07, 1.04, 0.06, -2.32, 0.92, 64.11, 28.00, -2.69, 101.90
35691, 0.08, -0.10, 0.82, 0.31, 0.98, 4.15, 63.56, 27.72, -2.93, 101.90
35817, 0.07, 0.05, 1.17, -2.56, -4.09, 11.11, 63.75, 27.66, -3.39, 101.90
35943, -0.50, 0.54, 1.77, 4.82, -16.11, 4.88, 63.31, 27.15, -1.50, 101.91
36069, -0.11, -0.01, 1.28, -1.89, -13.31, -1.04, 62.89, 27.15, -2.03, 101.90
36194, -0.22, 0.26, 0.63, -4.27, -19.59, 0.67, 62.94, 27.59, -2.26, 101.90
36320, -0.08, 0.23, 0.83, -2.38, 8.30, -0.73, 62.16, 27.15, -3.45, 101.91
36446, -0.29, 0.25, 0.79, -2.99, -13.49, -2.81, 62.79, 27.11, -3.93, 101.89
36573, 0.06, -0.19, 0.92, 2.01, -3.54, -2.01, 63.55, 26.87, -4.85, 101.90
36699, -0.17, 0.00, 1.17, 1.22, -0.79, -0.61, 62.71, 28.20, -4.24, 101.89
36825, -0.14, 0.08, 0.86, 1.40, -8.00, 3.30, 62.00, 28.00, -2.84, 101.91
36951, -0.19, -0.06, 0.76, 0.61, 2.01, 3.11, 61.79, 26.81, -3.52, 101.89
37077, 0.17, -0.03, 0.95, 4.33, -8.85, -1.89, 62.11, 27.28, -4.99, 101.90
37204, -0.36, 0.33, 1.22, -4.64, 2.14, -0.37, 63.16, 26.40, -5.18, 101.90
37330, -0.03, 0.25, 0.73, -2.08, 9.58, 1.95, 62.46, 27.86, -5.11, 101.90
37456, 0.04, 0.37, 1.25, -2.20, 8.18, 1.34, 62.87, 27.26, -3.78, 101.90
37582, -0.23, 0.38, 1.20, 6.53, 11.78, 1.10, 62.32, 26.95, -3.21, 101.91
37708, 0.22, -0.26, 0.92, -5.92, -20.02, 4.03, 62.04, 27.42, -4.37, 101.90
37835, 0.79, -1.02, 1.63, -10.38, -6.90, 8.12, 62.65, 26.64, -6.08, 101.91
37961, 0.34, -0.49, 0.94, -9.16, 19.90, 7.08, 63.06, 26.46, -6.09, 101.90
38087, -0.42, -0.12, 0.76, 5.80, 18.98, -1.16, 62.32, 27.16, -3.96, 101.90
38213, -0.44, 0.29, 0.23, 6.47, 12.63, -3.11, 61.78, 26.51, -4.86, 101.90
38339, -0.68, 0.49, 0.46, -13.55, -23.62, -5.25, 62.02, 26.59, -4.33, 101.88
38466, -0.42, 0.29, 0.45, 11.41, -4.70, -2.81, 62.61, 25.22, -4.91, 101.90
38593, -0.32, 0.66, 1.46, 1.95, -32.17, 4.33, 62.52, 26.70, -6.14, 101.89
38719, 0.27, 0.16, 1.60, 4.58, 23.38, 10.93, 63.23, 26.83, -4.99, 101.90
38845, 0.65, -0.39, 1.53, 12.08, 17.40, -10.01, 61.67, 27.45, -4.87, 101.90
38972, 0.39, -0.62, 1.05, 9.34, -17.15, 3.85, 61.87, 26.46, -4.11, 101.90
39098, -0.16, -0.32, 0.75, 5.55, -30.88, 0.67, 61.23, 26.71, -5.64, 101.90
39224, -0.28, 0.19, 0.79, 1.04, -5.86, -0.43, 62.10, 26.88, -6.60, 101.90
39350, -0.45, -0.06, 0.18, -6.04, -29.48, 3.78, 61.00, 27.61, -6.86, 101.90
39476, -0.18, 0.08, 0.86, -5.55, -13.55, 3.54, 61.65, 27.32, -4.63, 101.90
39603, 0.22, -0.23, 0.79, 2.01, -2.08, -0.37, 60.74, 27.53, -5.79, 101.90
39732, -0.07, 0.05, 1.18, 2.01, -0.61, 3.48, 61.02, 26.55, -4.72, 101.91
39858, -0.16, 0.37, 1.00, -5.00, 2.75, -0.06, 61.40, 26.23, -7.82, 101.90
39984, -0.13, 0.14, 0.66, -1.10, -15.38, 1.04, 62.04, 26.79, -7.32, 101.90
40110, -0.44, 0.04, -0.03, -6.77, -45.23, 12.02, 62.18, 27.45, -6.65, 101.90
40237, -0.64, 0.52, 0.50, -6.04, -7.02, 8.48, 60.36, 27.09, -6.43, 101.90
40364, -0.19, 0.34, 0.97, -5.19, 3.48, 4.46, 60.63, 26.79, -5.13, 101.90
40490, -0.24, 0.45, 0.89, -3.66, 0.06, -1.46, 60.88, 27.25, -6.13, 101.89
40617, -0.19, 0.19, 0.82, -3.42, -12.94, -0.85, 61.10, 26.26, -6.27, 101.90
40743, 0.06, -0.20, 1.17, 1.95, 3.30, -2.75, 60.72, 27.39, -7.39, 101.89
40868, -0.01, -0.35, 0.96, 4.82, -5.55, -1.59, 59.80, 28.09, -5.14, 101.90
40993, -0.27, 0.49, 0.86, 6.71, -0.55, -4.52, 59.72, 27.62, -5.26, 101.90
41119, -0.39, 0.48, 0.86, 7.32, 1.53, -0.12, 59.73, 27.37, -5.26, 101.90
41244, 0.31, -0.51, 1.35, -12.94, -15.08, 8.48, 60.64, 26.49, -6.20, 101.90
41369, 0.02, -0.16, 1.18, 6.53, -4.46, 0.85, 59.84, 27.51, -6.53, 101.90
41495, -0.49, 0.23, 1.43, 0.67, 13.43, 2.20, 59.68, 27.66, -5.98, 101.90
41620, -0.53, 0.42, 1.59, -0.49, 14.89, -3.60, 59.77, 27.11, -4.50, 101.90
41745, 0.46, 0.46, 1.53, -1.95, 9.95, -3.60, 59.23, 27.50, -4.99, 101.90
41870, -0.24, -0.05, 0.84, 3.85, -10.56, 2.50, 59.56, 26.68, -6.18, 101.89
41995, -0.36, 0.42, 1.27, -3.48, 3.05, 3.48, 60.11, 26.66, -6.54, 101.90
42120, -0.19, 0.10, 1.18, 0.73, -2.44, 0.24, 59.85, 26.56, -7.47, 101.90
42245, -0.13, 0.38, 0.82, -4.88, 10.07, 1.04, 59.63, 27.27, -5.33, 101.90
42371, -0.03, 0.01, 0.65, -2.62, -10.50, -0.18, 58.75, 27.20, -6.73, 101.91
42497, 0.14, -0.13, 1.05, -0.61, -9.16, -1.53, 59.01, 27.29, -4.65, 101.90
42622, -0.03, 0.03, 0.74, 3.66, -0.73, -3.36, 59.78, 26.43, -6.38, 101.90
42747, -0.11, 0.17, 0.84, 12.45, -0.49, -0.49, 59.42, 27.58, -6.95, 101.90
42874, -0.52, 0.73, 1.37, 9.03, -5.37, -2.81, 60.00, 27.49, -7.41, 101.90
42999, -0.09, -0.01, 0.80, 1.77, 3.42, 3.66, 59.81, 28.21, -7.08, 101.89
43125, -0.13, 0.05, 1.24, -0.37, 6.71, 1.71, 58.54, 27.56, -6.45, 101.89
43250, 0.17, -0.03, 0.76, 2.56, -4.33, 0.55, 58.54, 27.50, -6.99, 101.89
43375, -0.01, 0.15, 1.17, 1.16, -4.33, 0.12, 59.20, 26.89, -6.97, 101.90
43500, -0.05, -0.21, 1.27, 0.12, -0.61, -1.40, 59.45, 27.42, -7.85, 101.91
43625, 0.29, -0.14, 1.00, -12.70, 11.11, 2.44, 58.50, 28.05, -7.62, 101.90
43750, 0.09, -0.18, 0.69, 6.47, 11.96, 4.46, 58.08, 27.97, -6.51, 101.90
43875, 0.76, -0.84, 0.69, 8.12, -13.67, 0.92, 57.87, 27.86, -7.47, 101.90
44000, -0.35, 0.11, 0.55, -5.43, -4.82, 6.65, 57.53, 27.25, -7.01, 101.90
44125, 0.05, -0.06, 1.47, -7.26, 7.81, 1.10, 57.53, 27.01, -7.12, 101.89
44250, 0.09, -0.10, 0.90, 2.26, 9.40, -0.73, 56.88, 27.61, -8.28, 101.90
44375, 0.07, -0.30, 0.62, -6.41, -14.28, 5.31, 57.63, 27.16, -8.02, 101.90
44500, -0.13, 0.05, 1.15, -2.44, 2.14, 2.62, 55.73, 27.98, -6.45, 101.91
44625, -0.04, -0.07, 1.05, 4.39, -2.44, 1.59, 55.04, 27.49, -6.74, 101.90
44750, -0.31, 0.32, 0.99, -0.61, -8.48, 5.86, 55.58, 26.29, -5.65, 101.90
44875, -0.13, 0.20, 1.23, -1.46, -2.56, 0.67, 55.35, 26.79, -7.36, 101.90
45000, 0.09, -0.21, 0.50, -1.95, -20.75, 4.46, 55.66, 26.55, -6.76, 101.90
45125, -0.36, 0.25, 1.02, -2.26, 10.01, 2.08, 55.14, 26.27, -6.08, 101.90
45250, -0.28, 0.16, 1.79, -0.18, -2.87, -5.25, 55.02, 26.29, -5.85, 101.89
45375, 0.16, -0.07, 0.85, 2.62, 0.73, -2.75, 53.87, 26.48, -4.42, 101.90
45500, 0.02, -0.08, 1.36, -6.65, -3.54, 3.30, 53.55, 26.43, -3.17, 101.90
45625, 0.23, -0.24, 0.92, -0.92, 10.86, 1.71, 54.90, 25.60, -4.41, 101.91
45752, -0.17, 0.01, 0.85, -2.75, -1.77, -14.59, 54.58, 26.03, -5.11, 101.90