2993286, -0.01, -0.01, 0.93, 1.40, 0.18, -1.04, -5.65, -46.23, -16.75, 102.10
2993410, -0.00, 0.00, 0.99, 1.28, -0.18, -1.65, -5.26, -45.57, -16.64, 102.10
2993535, 0.02, 0.05, 0.99, 1.10, 0.12, -2.99, -5.90, -45.43, -16.82, 102.10
2993661, 0.07, 0.08, 0.96, 1.04, -0.92, -12.82, -4.82, -45.69, -16.85, 102.10
2993787, 0.16, -0.13, 0.97, 1.04, 0.67, -2.38, -4.27, -44.48, -18.07, 102.10
2993912, 0.20, -0.02, 1.03, 1.89, 0.12, 10.80, -4.39, -45.24, -17.20, 102.08
2994037, 0.11, 0.06, 1.24, 0.92, 1.28, -0.49, -4.38, -45.18, -16.97, 102.10
2994162, 0.08, 0.03, 1.11, 2.44, -0.61, -4.15, -4.41, -45.10, -16.00, 102.09
2994287, -0.04, 0.10, 1.13, 0.79, -0.55, -2.93, -4.85, -44.41, -14.21, 102.10
2994412, -0.13, -0.02, 1.05, 0.73, 1.40, 3.05, -5.20, -43.42, -12.66, 102.10
2994537, -0.13, 0.05, 0.94, 1.46, 0.43, 3.36, -6.16, -42.57, -10.71, 102.10
2994662, -0.14, 0.05, 1.20, 1.59, 1.28, 0.49, -6.48, -42.04, -10.30, 102.10
2994788, 0.14, 0.08, 1.05, 1.53, 1.10, -2.69, -8.08, -41.41, -9.91, 102.10
2994913, 0.26, 0.01, 0.93, 2.14, 1.22, -15.99, -8.63, -41.10, -9.84, 102.10
2995038, -0.08, 0.02, 1.16, 0.73, 0.49, -8.12, -8.31, -39.58, -10.80, 102.08
2995163, 0.12, -0.02, 0.94, 0.98, 0.79, -3.85, -9.39, -38.26, -11.89, 102.10
2995289, -0.16, -0.07, 1.00, 0.79, 0.24, -3.05, -9.01, -37.34, -13.44, 102.08
2995415, -0.01, -0.03, 0.97, 1.95, 0.73, -2.01, -9.33, -36.83, -16.24, 102.10
2995540, -0.22, 0.05, 1.09, 2.75, 0.31, 2.26, -9.11, -36.58, -16.75, 102.10
2995666, 0.15, -0.06, 1.05, 0.73, -0.06, 0.98, -9.13, -36.28, -17.96, 102.10
2995793, -0.01, 0.04, 1.14, 0.85, 0.24, 3.54, -8.67, -35.93, -20.21, 102.10
2995919, -0.15, 0.07, 1.06, 1.10, 1.10, 4.33, -7.92, -35.80, -21.57, 102.10
2996046, -0.10, -0.01, 0.99, 1.10, -0.06, 0.61, -7.76, -36.02, -21.13, 102.10
2996172, -0.13, 0.07, 0.97, 1.89, -0.31, 14.28, -7.92, -36.12, -22.90, 102.09
2996298, 0.03, 0.09, 0.99, 1.28, 0.18, 10.07, -8.13, -35.83, -21.04, 102.10
2996424, -0.00, 0.03, 0.94, 0.98, 0.00, -6.47, -7.30, -35.95, -21.52, 102.10
2996550, 0.01, 0.06, 0.96, 0.92, -0.06, -5.62, -7.20, -36.11, -22.66, 102.10
2996677, 0.01, 0.11, 0.84, -0.06, -0.12, -3.78, -7.39, -36.62, -23.16, 102.09
2996803, 0.00, 0.10, 1.06, 1.28, -0.85, -10.99, -7.13, -36.91, -23.18, 102.09
2996929, -0.07, 0.03, 1.03, 1.83, 0.67, -8.67, -7.45, -37.28, -24.16, 102.08
2997056, -0.02, 0.04, 1.16, -0.43, 0.85, -0.79, -6.98, -38.54, -23.40, 102.10
2997182, 0.01, -0.08, 1.06, 3.11, 0.24, 12.94, -8.14, -39.33, -23.57, 102.08
2997309, 0.06, 0.02, 1.08, 1.83, 0.92, 0.79, -8.20, -39.70, -22.18, 102.09
2997435, -0.03, -0.06, 1.01, 1.95, -0.92, -19.10, -7.92, -39.90, -21.67, 102.09
2997561, -0.03, -0.01, 1.06, 2.87, -0.73, 5.80, -7.54, -40.19, -22.28, 102.10
2997688, 0.04, 0.04, 0.96, 1.71, 0.49, 21.48, -8.26, -40.54, -22.12, 102.10
2997814, 0.00, 0.10, 0.90, -0.18, 0.24, 3.36, -9.29, -41.26, -22.02, 102.10
2997941, 0.00, 0.03, 0.85, -0.24, 0.73, -2.99, -8.85, -42.31, -21.30, 102.10
2998066, -0.08, 0.01, 0.93, 0.79, 0.37, -12.08, -8.80, -43.32, -19.87, 102.10
2998192, -0.06, -0.13, 1.08, 0.00, 0.61, 0.67, -8.35, -44.01, -19.06, 102.10
2998318, -0.02, -0.11, 0.96, 1.22, 0.18, 8.42, -8.84, -45.08, -17.44, 102.10
2998444, -0.01, -0.13, 0.94, 1.10, 0.24, 10.56, -8.89, -45.79, -15.70, 102.10
2998570, 0.04, -0.08, 1.03, 1.83, 0.49, -2.08, -9.41, -46.02, -15.55, 102.08
2998696, -0.00, -0.04, 1.02, 0.85, 15.38, -9.22, -9.22, -46.30, -15.55, 102.10
2998822, -0.11, -0.01, 1.02, 0.73, -0.24, 0.24, -8.74, -45.72, -15.59, 102.08
2998949, -0.06, 0.01, 1.01, 1.59, 0.98, 6.84, -8.90, -45.97, -14.79, 102.10
2999075, -0.11, 0.04, 0.96, 1.22, -0.18, 7.02, -9.01, -46.18, -16.03, 102.10
2999201, -0.02, 0.06, 1.07, 1.46, 0.92, -2.26, -9.41, -46.13, -15.69, 102.09
2999327, -0.08, 0.02, 1.04, 1.53, 0.18, -4.46, -10.38, -45.75, -15.94, 102.10
2999453, -0.19, 0.02, 1.10, 1.16, -1.16, -8.97, -10.00, -46.03, -15.72, 102.10
2999579, 0.09, -0.04, 1.18, 2.20, -1.71, -2.08, -9.70, -45.70, -14.61, 102.09
2999705, 0.10, -0.10, 0.70, -0.92, 2.01, -0.79, -10.52, -44.82, -14.70, 102.10
2999831, -0.00, -0.03, 0.73, 0.24, 1.65, 4.09, -9.95, -45.39, -14.20, 102.10
2999958, -0.00, 0.08, 1.11, 1.46, 1.71, -0.67, -10.19, -45.01, -13.95, 102.10
3000085, -0.02, 0.03, 0.75, 0.67, -1.22, -1.59, -9.18, -44.19, -13.05, 102.10
3000212, 0.16, 0.01, 1.09, 0.92, -0.31, -2.14, -8.56, -43.52, -14.22, 102.10
3000339, -0.01, -0.00, 1.03, 0.92, -0.79, -0.24, -8.00, -42.33, -15.92, 102.10
3000465, 0.03, -0.05, 0.94, 1.16, 0.55, 0.98, -7.56, -42.11, -15.56, 102.09
3000591, -0.01, -0.04, 1.05, 2.20, -0.12, 5.98, -6.45, -41.60, -18.02, 102.10
3000718, -0.04, 0.03, 1.05, 1.65, -0.06, 6.90, -6.79, -41.15, -17.91, 102.07
3000844, 0.06, 0.03, 1.08, 1.16, -1.22, -1.34, -6.09, -40.50, -17.04, 102.10
3000971, 0.17, 0.01, 1.15, 0.61, 0.06, 0.12, -6.52, -40.45, -17.63, 102.09
3001097, 0.09, 0.03, 0.94, 1.04, -0.24, 10.19, -6.69, -39.90, -17.87, 102.10
3001223, 0.16, 0.02, 0.90, 1.46, -0.24, 4.52, -6.81, -39.78, -17.59, 102.10
3001350, 0.12, 0.02, 0.98, 1.10, 0.18, 2.38, -7.10, -40.08, -16.67, 102.10
3001476, -0.00, -0.03, 0.98, 0.61, 0.85, 3.60, -7.19, -39.47, -16.33, 102.09
3001601, 0.01, -0.03, 1.03, 0.98, -0.24, -14.47, -7.17, -39.58, -16.21, 102.09
3001727, -0.06, -0.07, 0.98, 0.73, 0.00, -23.56, -6.67, -39.32, -17.59, 102.10
3001853, -0.06, -0.15, 1.00, 0.79, -0.61, 0.79, -6.01, -39.25, -17.46, 102.10
3001980, -0.00, -0.08, 0.92, 1.22, -0.12, 12.88, -6.21, -39.39, -15.60, 102.10
3002106, 0.03, -0.00, 0.92, 1.04, 0.00, -3.66, -6.13, -38.77, -16.65, 102.09
3002233, 0.08, 0.01, 1.04, 1.04, -0.79, -10.13, -6.52, -39.38, -15.09, 102.10
3002359, -0.09, -0.04, 1.06, 1.59, -1.10, -10.50, -5.75, -38.70, -14.95, 102.08
3002486, -0.03, -0.04, 0.96, 1.40, 1.65, -2.56, -5.09, -38.95, -12.90, 102.10
3002613, -0.01, -0.01, 0.93, 1.59, 1.89, 6.04, -5.32, -38.93, -12.04, 102.09
3002739, -0.01, 0.06, 1.04, 1.16, 0.92, 4.94, -5.20, -38.84, -11.34, 102.10
3002865, -0.01, -0.03, 1.00, 1.16, 0.49, -0.18, -5.25, -39.81, -10.21, 102.09
3002991, -0.05, 0.05, 0.78, -2.93, -0.55, 9.83, -4.88, -40.37, -10.21, 102.10
3003116, -0.04, -0.00, 1.24, 1.83, -1.65, -1.95, -4.77, -40.83, -10.46, 102.10
3003242, -0.01, 0.05, 0.91, 1.77, 2.14, 4.21, -4.80, -41.70, -9.44, 102.10
3003367, 0.04, 0.07, 1.16, 1.53, 1.59, -2.56, -4.14, -41.31, -9.68, 102.10
3003492, 0.03, -0.05, 0.95, 1.95, 0.79, -5.92, -3.89, -41.53, -10.02, 102.10
3003617, 0.00, -0.04, 0.96, 0.55, 0.49, 2.32, -2.93, -42.04, -11.08, 102.10
3003742, -0.00, 0.06, 0.96, 1.65, 0.79, 6.65, -3.43, -41.88, -11.08, 102.08
3003868, -0.02, 0.12, 0.94, 1.16, 0.24, 9.70, -3.44, -42.64, -10.91, 102.10
3003994, 0.05, 0.13, 0.96, 0.79, 0.49, 10.44, -2.81, -42.97, -12.11, 102.08
3004120, 0.12, 0.12, 0.96, 1.53, -1.16, 1.10, -3.55, -42.69, -11.83, 102.10
3004246, 0.20, 0.04, 1.01, 0.55, 0.37, -4.09, -3.78, -43.60, -12.26, 102.10
3004372, 0.15, -0.09, 0.92, -0.92, 0.43, -7.87, -3.77, -41.96, -12.35, 102.10
3004498, -0.01, -0.03, 0.75, 2.75, -1.16, 4.27, -4.68, -42.20, -10.78, 102.10
3004625, 0.11, -0.06, 1.15, -0.31, 1.65, 11.05, -5.20, -41.72, -9.47, 102.10
3004751, 0.06, 0.06, 1.03, 1.65, 0.37, 4.03, -7.25, -41.16, -10.17, 102.10
3004877, -0.01, 0.09, 1.04, 0.61, -0.37, -4.27, -7.85, -40.36, -10.83, 102.10
3005003, -0.12, 0.00, 0.91, 0.31, 0.73, -0.92, -8.00, -38.90, -12.10, 102.10
3005130, -0.08, 0.06, 0.77, -0.49, 0.18, 4.03, -8.72, -38.39, -11.94, 102.09
3005256, -0.03, 0.03, 0.87, -0.49, 0.55, -4.76, -8.59, -37.59, -13.17, 102.10
3005383, 0.03, -0.04, 0.77, -0.49, 0.92, 4.15, -8.90, -37.48, -14.60, 102.10
3005510, 0.02, 0.06, 0.97, -0.49, 0.49, 4.46, -9.11, -37.06, -14.90, 102.09
3005637, -0.03, 0.00, 0.80, 0.61, -14.89, 7.87, -9.31, -37.06, -17.03, 102.10
3005763, -0.03, 0.14, 1.05, 1.16, 0.73, -2.93, -9.68, -35.94, -17.65, 102.09
3005889, 0.10, 0.03, 1.15, 2.62, -0.12, -5.43, -8.54, -35.64, -18.84, 102.08
